Warehouse
x,y
3,3
3,4
3,5
3,6
3,7
4,3
4,4
4,5
4,6
4,7
5,3
5,4
5,5
5,6
5,7
6,3
6,4
6,5
6,6
6,7

3,11
3,12
3,13
3,14
3,15
4,11
4,12
4,13
4,14
4,15
5,11
5,12
5,13
5,14
5,15
6,11
6,12
6,13
6,14
6,15

3,19
3,20
3,21
3,22
3,23
4,19
4,20
4,21
4,22
4,23
5,19
5,20
5,21
5,22
5,23
6,19
6,20
6,21
6,22
6,23

3,27
3,28
3,29
3,30
3,31
4,27
4,28
4,29
4,30
4,31
5,27
5,28
5,29
5,30
5,31
6,27
6,28
6,29
6,30
6,31

3,35
3,36
3,37
4,35
4,36
4,37
5,35
5,36
5,37
6,35
6,36
6,37

13,3
13,4
13,5
13,6
13,7
14,3
14,4
14,5
14,6
14,7
15,3
15,4
15,5
15,6
15,7
16,3
16,4
16,5
16,6
16,7

13,11
13,12
13,13
13,14
13,15
14,11
14,12
14,13
14,14
14,15
15,11
15,12
15,13
15,14
15,15
16,11
16,12
16,13
16,14
16,15

13,19
13,20
13,21
13,22
13,23
14,19
14,20
14,21
14,22
14,23
15,19
15,20
15,21
15,22
15,23
16,19
16,20
16,21
16,22
16,23

13,27
13,28
13,29
13,30
13,31
14,27
14,28
14,29
14,30
14,31
15,27
15,28
15,29
15,30
15,31
16,27
16,28
16,29
16,30
16,31

13,35
13,36
13,37
14,35
14,36
14,37
15,35
15,36
15,37
16,35
16,36
16,37

Robot init position
x,y
1,1
----------------------------------
House
x,y
4,9
5,9
4,10
5,10
1,2
2,2
1,3
4,16
5,16
6,16
7,16
15,20
15,21
15,22
15,23
15,24
15,25
10,31
10,32
10,33
10,34
13,10
14,10
15,10
13,11
13,12

Robot init position
x,y
3,5
------------------------------------
Parking Lot
x,y
0,10
1,10
2,10
3,10
4,10

0,20
1,20
2,20
3,20
4,20

0,30
1,30
2,30
3,30
3,30

15,10
16,10
17,10
18,10
19,10

15,20
16,20
17,20
18,20
19,20

15,30
16,30
17,30
18,30
19,30

Robot init position
x,y
1,1
------------------------------------